image: hcrl_inside.pgm
resolution: 0.050000
origin: [-2.261955, -8.246436, 0.000000]
negate: 0
occupied_thresh: 0.65
free_thresh: 0.196

